 &ITERATIONS
 ITC_MAX =       800000,
 NC =            1,
 N_TR =           10,
 N_OUT =          100,
 N_VORT =          100,
 BETA =    1300.000000000000     ,
 B_ART =    0.000000000000000     ,
 DTAU_F =    1000000.000000000     ,
 FINAL_TIME =    1.000000000000000     ,
 EPS =   1.0000000000000000E-004,
 EPS_MASS =   1.0000000000000000E-004,
 START_MODE =    0.000000    
 /
 &REF
 TNU =    3.990000000000000     ,
 YF_B =    1.000000000000000     ,
 YO_OO =   0.2100000000000000     ,
 TS =    300.0000000000000     ,
 TNTOO =    1.000000000000000     
 /
 dx =   7.8947368421053543E-002 [mm]
 dy =   0.1000900128734923      [mm]
 init   6.1744928359985352E-002
 loop    2346.122684001923     
 post   0.1729989051818848     
